0 0 50 50
100 0 50 50
50 0 50 50
150 0 50 50
200 0 50 50
250 0 50 50
300 0 50 50
350 0 50 50
400 0 50 50
450 0 50 50
550 0 50 50
600 0 50 50
650 0 50 50
700 0 50 50
750 0 50 50
800 0 50 50
850 0 50 50
900 0 50 50
950 0 50 50
1000 0 50 50
1000 450 50 50
1000 550 50 50
1000 50 50 50
1000 100 50 50
1000 150 50 50
1000 200 50 50
1000 250 50 50
1000 300 50 50
1000 350 50 50
1000 400 50 50
1000 600 50 50
1000 650 50 50
1000 700 50 50
1000 750 50 50
1000 800 50 50
1000 850 50 50
1000 900 50 50
1000 950 50 50
1000 1000 50 50
950 1000 50 50
900 1000 50 50
850 1000 50 50
800 1000 50 50
750 1000 50 50
700 1000 50 50
650 1000 50 50
600 1000 50 50
550 1000 50 50
400 1000 50 50
450 1000 50 50
350 1000 50 50
300 1000 50 50
250 1000 50 50
200 1000 50 50
150 1000 50 50
100 1000 50 50
50 1000 50 50
0 1000 50 50
0 950 50 50
0 900 50 50
0 850 50 50
0 800 50 50
0 750 50 50
0 700 50 50
0 650 50 50
0 600 50 50
0 550 50 50
0 450 50 50
0 400 50 50
0 350 50 50
0 300 50 50
0 250 50 50
0 200 50 50
0 150 50 50
0 100 50 50
0 50 50 50
550 50 50 50
450 50 50 50
450 100 50 50
550 100 50 50
900 100 50 50
900 150 50 50
800 100 50 50
800 150 50 50
750 100 50 50
750 150 50 50
650 100 50 50
650 150 50 50
350 100 50 50
350 150 50 50
250 100 50 50
250 150 50 50
200 100 50 50
200 150 50 50
100 100 50 50
100 150 50 50
50 250 50 50
150 250 50 50
200 250 50 50
250 250 50 50
350 250 50 50
400 250 50 50
450 250 50 50
500 250 50 50
550 250 50 50
600 250 50 50
700 250 50 50
750 250 50 50
800 250 50 50
850 250 50 50
950 250 50 50
650 250 50 50
300 250 50 50
950 300 50 50
950 350 50 50
950 400 50 50
950 450 50 50
50 300 50 50
50 350 50 50
50 400 50 50
50 450 50 50
550 600 50 50
450 600 50 50
600 450 50 50
600 550 50 50
400 550 50 50
400 450 50 50
550 400 50 50
450 400 50 50
550 450 50 50
450 450 50 50
450 550 50 50
550 550 50 50
850 350 50 50
800 350 50 50
750 350 50 50
700 350 50 50
650 350 50 50
600 350 50 50
550 350 50 50
850 400 50 50
850 450 50 50
850 550 50 50
850 600 50 50
850 650 50 50
800 650 50 50
750 650 50 50
700 650 50 50
650 650 50 50
600 650 50 50
550 650 50 50
450 650 50 50
400 650 50 50
350 650 50 50
300 650 50 50
250 650 50 50
200 650 50 50
150 650 50 50
150 600 50 50
150 550 50 50
150 500 50 50
150 450 50 50
150 400 50 50
150 350 50 50
200 350 50 50
250 350 50 50
300 350 50 50
350 350 50 50
400 350 50 50
450 350 50 50
750 450 50 50
700 450 50 50
650 450 50 50
350 450 50 50
300 450 50 50
250 450 50 50
350 550 50 50
300 550 50 50
250 550 50 50
650 550 50 50
700 550 50 50
750 550 50 50
950 550 50 50
950 600 50 50
950 650 50 50
950 700 50 50
950 750 50 50
900 750 50 50
800 750 50 50
750 750 50 50
750 800 50 50
750 850 50 50
650 800 50 50
650 850 50 50
650 900 50 50
650 950 50 50
700 950 50 50
750 950 50 50
800 950 50 50
850 950 50 50
900 950 50 50
950 950 50 50
950 800 50 50
950 850 50 50
950 900 50 50
800 850 50 50
850 850 50 50
550 800 50 50
550 850 50 50
550 900 50 50
550 950 50 50
650 750 50 50
550 750 50 50
600 950 50 50
600 900 50 50
600 850 50 50
600 800 50 50
600 750 50 50
450 950 50 50
450 900 50 50
450 850 50 50
450 800 50 50
450 750 50 50
400 750 50 50
350 750 50 50
350 800 50 50
350 850 50 50
350 900 50 50
350 950 50 50
400 950 50 50
400 900 50 50
400 850 50 50
400 800 50 50
50 750 50 50
100 750 50 50
150 750 50 50
200 750 50 50
250 750 50 50
250 800 50 50
250 850 50 50
200 850 50 50
150 850 50 50
300 950 50 50
250 950 50 50
200 950 50 50
150 950 50 50
100 950 50 50
50 950 50 50
850 750 50 50
50 550 50 50
50 600 50 50
50 650 50 50
50 700 50 50
50 800 50 50
50 850 50 50
50 900 50 50
